episode,seed,seed_manifest,reward,cost,length,success,collision,collision_any,collision_capsule_overlap,collision_pybullet_contact,termination_collision,termination_reason,collision_termination_mode,unavoidable_collision,avoidable_collision,collision_contact_link_indices,collision_contact_link_names,collision_min_contact_distance,non_end_link_collision,final_position_error,completion_time,min_distance,mean_risk,max_risk,safety_violation_count,safety_violation_rate,safety_filter_intervention_rate,mean_safety_filter_intervention_norm,safety_filter_safe_stop_rate,safety_filter_infeasible_rate,safety_filter_projection_failure_rate,safety_filter_fallback_rate,safety_filter_qp_used_rate,safety_filter_qp_timeout_rate,safety_filter_compute_budget_stop_rate,predictive_near_miss_rate,min_predictive_h_m,mean_safety_filter_solve_time_s,max_safety_filter_solve_time_s,mean_safety_filter_predictive_risk_time_s,mean_safety_filter_jacobian_workspace_time_s,mean_safety_filter_projection_time_s,mean_action_variation,rms_acceleration,rms_jerk,recovery_triggered,recovery_success,recovery_steps,recovery_duration_s,initially_unsafe,initial_predictive_h_m
0,9001,configs/experiments/reaching_recovery/manifests/v1_final.json,24.848688494245252,0.0,18,1,0,0,0,0,0,,any,0,0,,,nan,0,0.04731103405356407,0.9,1.5,0.0,0.0,0,0.0,nan,nan,nan,nan,nan,nan,nan,nan,nan,nan,nan,nan,nan,nan,nan,nan,0.2909066246615516,2.653120994567871,46.628963470458984,0,0,0,0.0,0,nan
1,9002,configs/experiments/reaching_recovery/manifests/v1_final.json,23.50092939364873,0.0,14,1,0,0,0,0,0,,any,0,0,,,nan,0,0.046728260815143585,0.7000000000000001,1.5,0.0,0.0,0,0.0,nan,nan,nan,nan,nan,nan,nan,nan,nan,nan,nan,nan,nan,nan,nan,nan,0.18858515763921396,2.0943479537963867,41.50883483886719,0,0,0,0.0,0,nan
2,9003,configs/experiments/reaching_recovery/manifests/v1_final.json,22.933324343823184,0.0,8,1,0,0,0,0,0,,any,0,0,,,nan,0,0.0467493049800396,0.4,1.5,0.0,0.0,0,0.0,nan,nan,nan,nan,nan,nan,nan,nan,nan,nan,nan,nan,nan,nan,nan,nan,0.28162495605647564,2.6134181022644043,51.04875946044922,0,0,0,0.0,0,nan
3,9004,configs/experiments/reaching_recovery/manifests/v1_final.json,23.265125517895648,0.0,25,1,0,0,0,0,0,,any,0,0,,,nan,0,0.03403298556804657,1.25,1.5,0.0,0.0,0,0.0,nan,nan,nan,nan,nan,nan,nan,nan,nan,nan,nan,nan,nan,nan,nan,nan,0.20433798879384996,2.039750576019287,37.15415573120117,0,0,0,0.0,0,nan
4,9005,configs/experiments/reaching_recovery/manifests/v1_final.json,24.832097921658153,0.0,12,1,0,0,0,0,0,,any,0,0,,,nan,0,0.04682672396302223,0.6000000000000001,1.5,0.0,0.0,0,0.0,nan,nan,nan,nan,nan,nan,nan,nan,nan,nan,nan,nan,nan,nan,nan,nan,0.396212849766016,3.5099141597747803,59.36991882324219,0,0,0,0.0,0,nan
5,9006,configs/experiments/reaching_recovery/manifests/v1_final.json,23.33641102794093,0.0,9,1,0,0,0,0,0,,any,0,0,,,nan,0,0.05466429516673088,0.45,1.5,0.0,0.0,0,0.0,nan,nan,nan,nan,nan,nan,nan,nan,nan,nan,nan,nan,nan,nan,nan,nan,0.2429690601097213,2.4518978595733643,46.58018493652344,0,0,0,0.0,0,nan
6,9007,configs/experiments/reaching_recovery/manifests/v1_final.json,25.51408738199532,0.0,13,1,0,0,0,0,0,,any,0,0,,,nan,0,0.05238252878189087,0.65,1.5,0.0,0.0,0,0.0,nan,nan,nan,nan,nan,nan,nan,nan,nan,nan,nan,nan,nan,nan,nan,nan,0.3304621370939108,2.9746956825256348,49.90968704223633,0,0,0,0.0,0,nan
7,9008,configs/experiments/reaching_recovery/manifests/v1_final.json,24.310206236271746,0.0,9,1,0,0,0,0,0,,any,0,0,,,nan,0,0.05306185781955719,0.45,1.5,0.0,0.0,0,0.0,nan,nan,nan,nan,nan,nan,nan,nan,nan,nan,nan,nan,nan,nan,nan,nan,0.37466855347156525,3.458561897277832,55.953365325927734,0,0,0,0.0,0,nan
8,9009,configs/experiments/reaching_recovery/manifests/v1_final.json,25.71613714284806,0.0,14,1,0,0,0,0,0,,any,0,0,,,nan,0,0.03036114014685154,0.7000000000000001,1.5,0.0,0.0,0,0.0,nan,nan,nan,nan,nan,nan,nan,nan,nan,nan,nan,nan,nan,nan,nan,nan,0.28269373971436706,2.68365216255188,37.2685432434082,0,0,0,0.0,0,nan
9,9010,configs/experiments/reaching_recovery/manifests/v1_final.json,23.20791998429521,0.0,10,1,0,0,0,0,0,,any,0,0,,,nan,0,0.047475285828113556,0.5,1.5,0.0,0.0,0,0.0,nan,nan,nan,nan,nan,nan,nan,nan,nan,nan,nan,nan,nan,nan,nan,nan,0.28432599157094957,2.743036985397339,50.5952033996582,0,0,0,0.0,0,nan
10,9011,configs/experiments/reaching_recovery/manifests/v1_final.json,24.222939165309853,0.0,14,1,0,0,0,0,0,,any,0,0,,,nan,0,0.04999357461929321,0.7000000000000001,1.5,0.0,0.0,0,0.0,nan,nan,nan,nan,nan,nan,nan,nan,nan,nan,nan,nan,nan,nan,nan,nan,0.27180542637194904,2.526266574859619,41.46839141845703,0,0,0,0.0,0,nan
11,9012,configs/experiments/reaching_recovery/manifests/v1_final.json,24.489403578454397,0.0,13,1,0,0,0,0,0,,any,0,0,,,nan,0,0.048305682837963104,0.65,1.5,0.0,0.0,0,0.0,nan,nan,nan,nan,nan,nan,nan,nan,nan,nan,nan,nan,nan,nan,nan,nan,0.33639945777562946,2.9103171825408936,49.74241638183594,0,0,0,0.0,0,nan
12,9013,configs/experiments/reaching_recovery/manifests/v1_final.json,24.967520264781506,0.0,11,1,0,0,0,0,0,,any,0,0,,,nan,0,0.030838798731565475,0.55,1.5,0.0,0.0,0,0.0,nan,nan,nan,nan,nan,nan,nan,nan,nan,nan,nan,nan,nan,nan,nan,nan,0.32381700995293533,2.9741897583007812,42.38588333129883,0,0,0,0.0,0,nan
13,9014,configs/experiments/reaching_recovery/manifests/v1_final.json,21.65561174530122,0.0,6,1,0,0,0,0,0,,any,0,0,,,nan,0,0.05323189124464989,0.30000000000000004,1.5,0.0,0.0,0,0.0,nan,nan,nan,nan,nan,nan,nan,nan,nan,nan,nan,nan,nan,nan,nan,nan,0.3705778395136197,3.4302101135253906,64.33431243896484,0,0,0,0.0,0,nan
14,9015,configs/experiments/reaching_recovery/manifests/v1_final.json,21.272083422352885,0.0,4,1,0,0,0,0,0,,any,0,0,,,nan,0,0.05315057933330536,0.2,1.5,0.0,0.0,0,0.0,nan,nan,nan,nan,nan,nan,nan,nan,nan,nan,nan,nan,nan,nan,nan,nan,0.3307945355772972,2.878460168838501,60.95540237426758,0,0,0,0.0,0,nan
15,9016,configs/experiments/reaching_recovery/manifests/v1_final.json,25.129094963797613,0.0,10,1,0,0,0,0,0,,any,0,0,,,nan,0,0.03682596981525421,0.5,1.5,0.0,0.0,0,0.0,nan,nan,nan,nan,nan,nan,nan,nan,nan,nan,nan,nan,nan,nan,nan,nan,0.2777094587683678,2.4944465160369873,42.09418487548828,0,0,0,0.0,0,nan
16,9017,configs/experiments/reaching_recovery/manifests/v1_final.json,24.28502700121833,0.0,14,1,0,0,0,0,0,,any,0,0,,,nan,0,0.04511343687772751,0.7000000000000001,1.5,0.0,0.0,0,0.0,nan,nan,nan,nan,nan,nan,nan,nan,nan,nan,nan,nan,nan,nan,nan,nan,0.2530769892036915,2.5082013607025146,46.11740493774414,0,0,0,0.0,0,nan
17,9018,configs/experiments/reaching_recovery/manifests/v1_final.json,24.43146196014856,0.0,21,1,0,0,0,0,0,,any,0,0,,,nan,0,0.04079601168632507,1.05,1.5,0.0,0.0,0,0.0,nan,nan,nan,nan,nan,nan,nan,nan,nan,nan,nan,nan,nan,nan,nan,nan,0.19460587522813252,2.068892478942871,34.03493118286133,0,0,0,0.0,0,nan
18,9019,configs/experiments/reaching_recovery/manifests/v1_final.json,23.720218337228204,0.0,10,1,0,0,0,0,0,,any,0,0,,,nan,0,0.03366618975996971,0.5,1.5,0.0,0.0,0,0.0,nan,nan,nan,nan,nan,nan,nan,nan,nan,nan,nan,nan,nan,nan,nan,nan,0.22589000202715398,2.3308990001678467,37.326377868652344,0,0,0,0.0,0,nan
19,9020,configs/experiments/reaching_recovery/manifests/v1_final.json,21.52550006401143,0.0,4,1,0,0,0,0,0,,any,0,0,,,nan,0,0.05029212310910225,0.2,1.5,0.0,0.0,0,0.0,nan,nan,nan,nan,nan,nan,nan,nan,nan,nan,nan,nan,nan,nan,nan,nan,0.42232389003038406,3.7859647274017334,80.52449798583984,0,0,0,0.0,0,nan
20,9021,configs/experiments/reaching_recovery/manifests/v1_final.json,-26.738134444629914,0.0,240,0,0,0,0,0,0,,any,0,0,,,nan,0,0.3873704671859741,12.0,1.5,0.0,0.0,0,0.0,nan,nan,nan,nan,nan,nan,nan,nan,nan,nan,nan,nan,nan,nan,nan,nan,0.0987476230346753,1.3535149097442627,29.399995803833008,0,0,0,0.0,0,nan
21,9022,configs/experiments/reaching_recovery/manifests/v1_final.json,25.24310749956621,0.0,21,1,0,0,0,0,0,,any,0,0,,,nan,0,0.03158475458621979,1.05,1.5,0.0,0.0,0,0.0,nan,nan,nan,nan,nan,nan,nan,nan,nan,nan,nan,nan,nan,nan,nan,nan,0.21249412851674215,2.111995220184326,31.26279067993164,0,0,0,0.0,0,nan
22,9023,configs/experiments/reaching_recovery/manifests/v1_final.json,23.787503072761524,0.0,24,1,0,0,0,0,0,,any,0,0,,,nan,0,0.04990299046039581,1.2000000000000002,1.5,0.0,0.0,0,0.0,nan,nan,nan,nan,nan,nan,nan,nan,nan,nan,nan,nan,nan,nan,nan,nan,0.2151516320494314,2.214482307434082,36.746177673339844,0,0,0,0.0,0,nan
23,9024,configs/experiments/reaching_recovery/manifests/v1_final.json,24.069935378057597,0.0,23,1,0,0,0,0,0,,any,0,0,,,nan,0,0.04245063662528992,1.1500000000000001,1.5,0.0,0.0,0,0.0,nan,nan,nan,nan,nan,nan,nan,nan,nan,nan,nan,nan,nan,nan,nan,nan,0.22510908576457397,2.1470816135406494,36.36174392700195,0,0,0,0.0,0,nan
24,9025,configs/experiments/reaching_recovery/manifests/v1_final.json,26.47036322236041,0.0,13,1,0,0,0,0,0,,any,0,0,,,nan,0,0.045185916125774384,0.65,1.5,0.0,0.0,0,0.0,nan,nan,nan,nan,nan,nan,nan,nan,nan,nan,nan,nan,nan,nan,nan,nan,0.2983309354346532,2.860879898071289,42.968711853027344,0,0,0,0.0,0,nan
25,9026,configs/experiments/reaching_recovery/manifests/v1_final.json,23.61083970809039,0.0,12,1,0,0,0,0,0,,any,0,0,,,nan,0,0.05199413746595383,0.6000000000000001,1.5,0.0,0.0,0,0.0,nan,nan,nan,nan,nan,nan,nan,nan,nan,nan,nan,nan,nan,nan,nan,nan,0.2192688292513291,2.2302727699279785,39.03629684448242,0,0,0,0.0,0,nan
26,9027,configs/experiments/reaching_recovery/manifests/v1_final.json,24.552020237391122,0.0,12,1,0,0,0,0,0,,any,0,0,,,nan,0,0.054331593215465546,0.6000000000000001,1.5,0.0,0.0,0,0.0,nan,nan,nan,nan,nan,nan,nan,nan,nan,nan,nan,nan,nan,nan,nan,nan,0.23195420112460852,2.348768711090088,43.84292221069336,0,0,0,0.0,0,nan
27,9028,configs/experiments/reaching_recovery/manifests/v1_final.json,22.718074090762887,0.0,7,1,0,0,0,0,0,,any,0,0,,,nan,0,0.04934094473719597,0.35000000000000003,1.5,0.0,0.0,0,0.0,nan,nan,nan,nan,nan,nan,nan,nan,nan,nan,nan,nan,nan,nan,nan,nan,0.2988745591470173,2.9029767513275146,48.66347885131836,0,0,0,0.0,0,nan
28,9029,configs/experiments/reaching_recovery/manifests/v1_final.json,25.639118389348738,0.0,13,1,0,0,0,0,0,,any,0,0,,,nan,0,0.05053827911615372,0.65,1.5,0.0,0.0,0,0.0,nan,nan,nan,nan,nan,nan,nan,nan,nan,nan,nan,nan,nan,nan,nan,nan,0.3356065767315718,2.9629745483398438,47.56285095214844,0,0,0,0.0,0,nan
29,9030,configs/experiments/reaching_recovery/manifests/v1_final.json,25.454947820726368,0.0,21,1,0,0,0,0,0,,any,0,0,,,nan,0,0.051180947571992874,1.05,1.5,0.0,0.0,0,0.0,nan,nan,nan,nan,nan,nan,nan,nan,nan,nan,nan,nan,nan,nan,nan,nan,0.2044775505505857,2.198509454727173,35.25583267211914,0,0,0,0.0,0,nan
30,9031,configs/experiments/reaching_recovery/manifests/v1_final.json,23.453719063923973,0.0,11,1,0,0,0,0,0,,any,0,0,,,nan,0,0.05307256057858467,0.55,1.5,0.0,0.0,0,0.0,nan,nan,nan,nan,nan,nan,nan,nan,nan,nan,nan,nan,nan,nan,nan,nan,0.1954650834880092,2.122762441635132,41.13968276977539,0,0,0,0.0,0,nan
31,9032,configs/experiments/reaching_recovery/manifests/v1_final.json,24.01737931470079,0.0,14,1,0,0,0,0,0,,any,0,0,,,nan,0,0.04925742372870445,0.7000000000000001,1.5,0.0,0.0,0,0.0,nan,nan,nan,nan,nan,nan,nan,nan,nan,nan,nan,nan,nan,nan,nan,nan,0.3077551541583879,2.7403576374053955,46.27620315551758,0,0,0,0.0,0,nan
32,9033,configs/experiments/reaching_recovery/manifests/v1_final.json,24.06495997235907,0.0,8,1,0,0,0,0,0,,any,0,0,,,nan,0,0.05110013112425804,0.4,1.5,0.0,0.0,0,0.0,nan,nan,nan,nan,nan,nan,nan,nan,nan,nan,nan,nan,nan,nan,nan,nan,0.4000389650464058,3.3997104167938232,62.51810073852539,0,0,0,0.0,0,nan
33,9034,configs/experiments/reaching_recovery/manifests/v1_final.json,25.343733821126822,0.0,22,1,0,0,0,0,0,,any,0,0,,,nan,0,0.05214504152536392,1.1,1.5,0.0,0.0,0,0.0,nan,nan,nan,nan,nan,nan,nan,nan,nan,nan,nan,nan,nan,nan,nan,nan,0.19689286686480045,2.1055591106414795,34.346126556396484,0,0,0,0.0,0,nan
34,9035,configs/experiments/reaching_recovery/manifests/v1_final.json,21.775895233994984,0.0,6,1,0,0,0,0,0,,any,0,0,,,nan,0,0.041509173810482025,0.30000000000000004,1.5,0.0,0.0,0,0.0,nan,nan,nan,nan,nan,nan,nan,nan,nan,nan,nan,nan,nan,nan,nan,nan,0.3970871989925702,3.415013313293457,72.23768615722656,0,0,0,0.0,0,nan
35,9036,configs/experiments/reaching_recovery/manifests/v1_final.json,21.890336750444323,0.0,5,1,0,0,0,0,0,,any,0,0,,,nan,0,0.05249014124274254,0.25,1.5,0.0,0.0,0,0.0,nan,nan,nan,nan,nan,nan,nan,nan,nan,nan,nan,nan,nan,nan,nan,nan,0.3475109815597534,3.0590178966522217,49.20598602294922,0,0,0,0.0,0,nan
36,9037,configs/experiments/reaching_recovery/manifests/v1_final.json,23.694615272031946,0.0,8,1,0,0,0,0,0,,any,0,0,,,nan,0,0.04455510899424553,0.4,1.5,0.0,0.0,0,0.0,nan,nan,nan,nan,nan,nan,nan,nan,nan,nan,nan,nan,nan,nan,nan,nan,0.3052589502185583,2.9725780487060547,53.54182052612305,0,0,0,0.0,0,nan
37,9038,configs/experiments/reaching_recovery/manifests/v1_final.json,23.66492622731364,0.0,11,1,0,0,0,0,0,,any,0,0,,,nan,0,0.04877150058746338,0.55,1.5,0.0,0.0,0,0.0,nan,nan,nan,nan,nan,nan,nan,nan,nan,nan,nan,nan,nan,nan,nan,nan,0.251266517422416,2.5440895557403564,48.95131301879883,0,0,0,0.0,0,nan
38,9039,configs/experiments/reaching_recovery/manifests/v1_final.json,21.377870172132578,0.0,5,1,0,0,0,0,0,,any,0,0,,,nan,0,0.04084748029708862,0.25,1.5,0.0,0.0,0,0.0,nan,nan,nan,nan,nan,nan,nan,nan,nan,nan,nan,nan,nan,nan,nan,nan,0.2889689952135086,2.927490472793579,60.671051025390625,0,0,0,0.0,0,nan
39,9040,configs/experiments/reaching_recovery/manifests/v1_final.json,25.749604516971857,0.0,13,1,0,0,0,0,0,,any,0,0,,,nan,0,0.053574442863464355,0.65,1.5,0.0,0.0,0,0.0,nan,nan,nan,nan,nan,nan,nan,nan,nan,nan,nan,nan,nan,nan,nan,nan,0.33850393960109126,3.0562431812286377,44.22566223144531,0,0,0,0.0,0,nan
40,9041,configs/experiments/reaching_recovery/manifests/v1_final.json,23.432433273756878,0.0,24,1,0,0,0,0,0,,any,0,0,,,nan,0,0.03474917635321617,1.2000000000000002,1.5,0.0,0.0,0,0.0,nan,nan,nan,nan,nan,nan,nan,nan,nan,nan,nan,nan,nan,nan,nan,nan,0.23857869983961186,2.248135566711426,37.46463394165039,0,0,0,0.0,0,nan
41,9042,configs/experiments/reaching_recovery/manifests/v1_final.json,22.946744476590414,0.0,15,1,0,0,0,0,0,,any,0,0,,,nan,0,0.050768934190273285,0.75,1.5,0.0,0.0,0,0.0,nan,nan,nan,nan,nan,nan,nan,nan,nan,nan,nan,nan,nan,nan,nan,nan,0.16254406323035558,1.8144720792770386,33.446632385253906,0,0,0,0.0,0,nan
42,9043,configs/experiments/reaching_recovery/manifests/v1_final.json,25.07128611112055,0.0,12,1,0,0,0,0,0,,any,0,0,,,nan,0,0.03746383637189865,0.6000000000000001,1.5,0.0,0.0,0,0.0,nan,nan,nan,nan,nan,nan,nan,nan,nan,nan,nan,nan,nan,nan,nan,nan,0.33727235719561577,2.9453206062316895,40.446006774902344,0,0,0,0.0,0,nan
43,9044,configs/experiments/reaching_recovery/manifests/v1_final.json,25.748767393967498,0.0,12,1,0,0,0,0,0,,any,0,0,,,nan,0,0.04919663071632385,0.6000000000000001,1.5,0.0,0.0,0,0.0,nan,nan,nan,nan,nan,nan,nan,nan,nan,nan,nan,nan,nan,nan,nan,nan,0.38031428679823875,3.2511537075042725,50.98438262939453,0,0,0,0.0,0,nan
44,9045,configs/experiments/reaching_recovery/manifests/v1_final.json,26.61230138308288,0.0,10,1,0,0,0,0,0,,any,0,0,,,nan,0,0.022751063108444214,0.5,1.5,0.0,0.0,0,0.0,nan,nan,nan,nan,nan,nan,nan,nan,nan,nan,nan,nan,nan,nan,nan,nan,0.26356999576091766,2.6085360050201416,42.91191101074219,0,0,0,0.0,0,nan
45,9046,configs/experiments/reaching_recovery/manifests/v1_final.json,24.00351040203151,0.0,10,1,0,0,0,0,0,,any,0,0,,,nan,0,0.054859768599271774,0.5,1.5,0.0,0.0,0,0.0,nan,nan,nan,nan,nan,nan,nan,nan,nan,nan,nan,nan,nan,nan,nan,nan,0.21091504953801632,2.2875235080718994,43.1612548828125,0,0,0,0.0,0,nan
46,9047,configs/experiments/reaching_recovery/manifests/v1_final.json,25.58989696352326,0.0,16,1,0,0,0,0,0,,any,0,0,,,nan,0,0.022337568923830986,0.8,1.5,0.0,0.0,0,0.0,nan,nan,nan,nan,nan,nan,nan,nan,nan,nan,nan,nan,nan,nan,nan,nan,0.31744159292429686,2.8764736652374268,44.82773971557617,0,0,0,0.0,0,nan
47,9048,configs/experiments/reaching_recovery/manifests/v1_final.json,23.595317679584824,0.0,9,1,0,0,0,0,0,,any,0,0,,,nan,0,0.03171790763735771,0.45,1.5,0.0,0.0,0,0.0,nan,nan,nan,nan,nan,nan,nan,nan,nan,nan,nan,nan,nan,nan,nan,nan,0.3013734800948037,2.8956573009490967,59.19144058227539,0,0,0,0.0,0,nan
48,9049,configs/experiments/reaching_recovery/manifests/v1_final.json,24.509789663664506,0.0,18,1,0,0,0,0,0,,any,0,0,,,nan,0,0.047274187207221985,0.9,1.5,0.0,0.0,0,0.0,nan,nan,nan,nan,nan,nan,nan,nan,nan,nan,nan,nan,nan,nan,nan,nan,0.2517668099866973,2.3855974674224854,43.98973846435547,0,0,0,0.0,0,nan
49,9050,configs/experiments/reaching_recovery/manifests/v1_final.json,22.874905727940178,0.0,6,1,0,0,0,0,0,,any,0,0,,,nan,0,0.04587380960583687,0.30000000000000004,1.5,0.0,0.0,0,0.0,nan,nan,nan,nan,nan,nan,nan,nan,nan,nan,nan,nan,nan,nan,nan,nan,0.3548272003730138,3.1780192852020264,55.04022979736328,0,0,0,0.0,0,nan
50,9051,configs/experiments/reaching_recovery/manifests/v1_final.json,24.007201169656682,0.0,10,1,0,0,0,0,0,,any,0,0,,,nan,0,0.04227491095662117,0.5,1.5,0.0,0.0,0,0.0,nan,nan,nan,nan,nan,nan,nan,nan,nan,nan,nan,nan,nan,nan,nan,nan,0.345600825548172,3.061560869216919,54.81061553955078,0,0,0,0.0,0,nan
51,9052,configs/experiments/reaching_recovery/manifests/v1_final.json,25.401855593522995,0.0,16,1,0,0,0,0,0,,any,0,0,,,nan,0,0.0433695986866951,0.8,1.5,0.0,0.0,0,0.0,nan,nan,nan,nan,nan,nan,nan,nan,nan,nan,nan,nan,nan,nan,nan,nan,0.2167334733530879,2.287384033203125,40.726646423339844,0,0,0,0.0,0,nan
52,9053,configs/experiments/reaching_recovery/manifests/v1_final.json,23.219455037995655,0.0,9,1,0,0,0,0,0,,any,0,0,,,nan,0,0.039627645164728165,0.45,1.5,0.0,0.0,0,0.0,nan,nan,nan,nan,nan,nan,nan,nan,nan,nan,nan,nan,nan,nan,nan,nan,0.37993668516476947,3.3656272888183594,59.58372497558594,0,0,0,0.0,0,nan
53,9054,configs/experiments/reaching_recovery/manifests/v1_final.json,23.20039637050885,0.0,10,1,0,0,0,0,0,,any,0,0,,,nan,0,0.042002663016319275,0.5,1.5,0.0,0.0,0,0.0,nan,nan,nan,nan,nan,nan,nan,nan,nan,nan,nan,nan,nan,nan,nan,nan,0.24366518706083298,2.215611457824707,40.043216705322266,0,0,0,0.0,0,nan
54,9055,configs/experiments/reaching_recovery/manifests/v1_final.json,24.131462771942587,0.0,15,1,0,0,0,0,0,,any,0,0,,,nan,0,0.05162655562162399,0.75,1.5,0.0,0.0,0,0.0,nan,nan,nan,nan,nan,nan,nan,nan,nan,nan,nan,nan,nan,nan,nan,nan,0.2446159412463506,2.3261492252349854,38.84790802001953,0,0,0,0.0,0,nan
55,9056,configs/experiments/reaching_recovery/manifests/v1_final.json,23.011015724906294,0.0,13,1,0,0,0,0,0,,any,0,0,,,nan,0,0.04373565688729286,0.65,1.5,0.0,0.0,0,0.0,nan,nan,nan,nan,nan,nan,nan,nan,nan,nan,nan,nan,nan,nan,nan,nan,0.237458750892144,2.549767017364502,55.43150329589844,0,0,0,0.0,0,nan
56,9057,configs/experiments/reaching_recovery/manifests/v1_final.json,20.196772383493098,0.0,1,1,0,0,0,0,0,,any,0,0,,,nan,0,0.029004275798797607,0.05,1.5,0.0,0.0,0,0.0,nan,nan,nan,nan,nan,nan,nan,nan,nan,nan,nan,nan,nan,nan,nan,nan,0.46845364570617676,3.8249080181121826,76.49816131591797,0,0,0,0.0,0,nan
57,9058,configs/experiments/reaching_recovery/manifests/v1_final.json,26.65647745315065,0.0,14,1,0,0,0,0,0,,any,0,0,,,nan,0,0.03595514968037605,0.7000000000000001,1.5,0.0,0.0,0,0.0,nan,nan,nan,nan,nan,nan,nan,nan,nan,nan,nan,nan,nan,nan,nan,nan,0.28797435760498047,2.7864654064178467,41.3258171081543,0,0,0,0.0,0,nan
58,9059,configs/experiments/reaching_recovery/manifests/v1_final.json,25.33227651780513,0.0,19,1,0,0,0,0,0,,any,0,0,,,nan,0,0.05056142807006836,0.9500000000000001,1.5,0.0,0.0,0,0.0,nan,nan,nan,nan,nan,nan,nan,nan,nan,nan,nan,nan,nan,nan,nan,nan,0.22945566298930267,2.2173993587493896,35.057193756103516,0,0,0,0.0,0,nan
59,9060,configs/experiments/reaching_recovery/manifests/v1_final.json,24.783205167338487,0.0,19,1,0,0,0,0,0,,any,0,0,,,nan,0,0.05053844675421715,0.9500000000000001,1.5,0.0,0.0,0,0.0,nan,nan,nan,nan,nan,nan,nan,nan,nan,nan,nan,nan,nan,nan,nan,nan,0.22915061602466985,2.2721774578094482,35.05976867675781,0,0,0,0.0,0,nan
60,9061,configs/experiments/reaching_recovery/manifests/v1_final.json,23.679674400508674,0.0,13,1,0,0,0,0,0,,any,0,0,,,nan,0,0.04358404502272606,0.65,1.5,0.0,0.0,0,0.0,nan,nan,nan,nan,nan,nan,nan,nan,nan,nan,nan,nan,nan,nan,nan,nan,0.316866993617553,3.0663564205169678,46.60645294189453,0,0,0,0.0,0,nan
61,9062,configs/experiments/reaching_recovery/manifests/v1_final.json,23.80587659227104,0.0,13,1,0,0,0,0,0,,any,0,0,,,nan,0,0.04188914597034454,0.65,1.5,0.0,0.0,0,0.0,nan,nan,nan,nan,nan,nan,nan,nan,nan,nan,nan,nan,nan,nan,nan,nan,0.2735061553808359,2.45418643951416,46.22944259643555,0,0,0,0.0,0,nan
62,9063,configs/experiments/reaching_recovery/manifests/v1_final.json,25.365445247225868,0.0,18,1,0,0,0,0,0,,any,0,0,,,nan,0,0.037298377603292465,0.9,1.5,0.0,0.0,0,0.0,nan,nan,nan,nan,nan,nan,nan,nan,nan,nan,nan,nan,nan,nan,nan,nan,0.2357670689622561,2.2947702407836914,37.4962272644043,0,0,0,0.0,0,nan
63,9064,configs/experiments/reaching_recovery/manifests/v1_final.json,23.40524928746155,0.0,15,1,0,0,0,0,0,,any,0,0,,,nan,0,0.054775871336460114,0.75,1.5,0.0,0.0,0,0.0,nan,nan,nan,nan,nan,nan,nan,nan,nan,nan,nan,nan,nan,nan,nan,nan,0.18456231504678727,1.9802085161209106,36.10990524291992,0,0,0,0.0,0,nan
64,9065,configs/experiments/reaching_recovery/manifests/v1_final.json,-4.923334728084715,0.0,240,0,0,0,0,0,0,,any,0,0,,,nan,0,0.12084127217531204,12.0,1.5,0.0,0.0,0,0.0,nan,nan,nan,nan,nan,nan,nan,nan,nan,nan,nan,nan,nan,nan,nan,nan,0.17893551626087476,1.6626310348510742,30.781944274902344,0,0,0,0.0,0,nan
65,9066,configs/experiments/reaching_recovery/manifests/v1_final.json,23.955569547846913,0.0,13,1,0,0,0,0,0,,any,0,0,,,nan,0,0.03946789354085922,0.65,1.5,0.0,0.0,0,0.0,nan,nan,nan,nan,nan,nan,nan,nan,nan,nan,nan,nan,nan,nan,nan,nan,0.3892994144788155,3.434778928756714,52.286712646484375,0,0,0,0.0,0,nan
66,9067,configs/experiments/reaching_recovery/manifests/v1_final.json,25.379220783961706,0.0,14,1,0,0,0,0,0,,any,0,0,,,nan,0,0.04432300105690956,0.7000000000000001,1.5,0.0,0.0,0,0.0,nan,nan,nan,nan,nan,nan,nan,nan,nan,nan,nan,nan,nan,nan,nan,nan,0.3315692235316549,2.9666554927825928,50.08692169189453,0,0,0,0.0,0,nan
67,9068,configs/experiments/reaching_recovery/manifests/v1_final.json,26.562774803547427,0.0,12,1,0,0,0,0,0,,any,0,0,,,nan,0,0.03641306236386299,0.6000000000000001,1.5,0.0,0.0,0,0.0,nan,nan,nan,nan,nan,nan,nan,nan,nan,nan,nan,nan,nan,nan,nan,nan,0.3598198505739371,3.141787528991699,47.91244125366211,0,0,0,0.0,0,nan
68,9069,configs/experiments/reaching_recovery/manifests/v1_final.json,24.475744724650486,0.0,9,1,0,0,0,0,0,,any,0,0,,,nan,0,0.04530050605535507,0.45,1.5,0.0,0.0,0,0.0,nan,nan,nan,nan,nan,nan,nan,nan,nan,nan,nan,nan,nan,nan,nan,nan,0.3522275603479809,3.108609437942505,53.00505065917969,0,0,0,0.0,0,nan
69,9070,configs/experiments/reaching_recovery/manifests/v1_final.json,23.181344004979447,0.0,10,1,0,0,0,0,0,,any,0,0,,,nan,0,0.04607104882597923,0.5,1.5,0.0,0.0,0,0.0,nan,nan,nan,nan,nan,nan,nan,nan,nan,nan,nan,nan,nan,nan,nan,nan,0.32191084027290345,3.0112414360046387,52.86513137817383,0,0,0,0.0,0,nan
70,9071,configs/experiments/reaching_recovery/manifests/v1_final.json,25.02665805720782,0.0,13,1,0,0,0,0,0,,any,0,0,,,nan,0,0.03772912919521332,0.65,1.5,0.0,0.0,0,0.0,nan,nan,nan,nan,nan,nan,nan,nan,nan,nan,nan,nan,nan,nan,nan,nan,0.3487619345004742,3.1520769596099854,49.34651184082031,0,0,0,0.0,0,nan
71,9072,configs/experiments/reaching_recovery/manifests/v1_final.json,24.623262505623657,0.0,11,1,0,0,0,0,0,,any,0,0,,,nan,0,0.0414724163711071,0.55,1.5,0.0,0.0,0,0.0,nan,nan,nan,nan,nan,nan,nan,nan,nan,nan,nan,nan,nan,nan,nan,nan,0.3261218734762885,2.929997444152832,51.66767501831055,0,0,0,0.0,0,nan
72,9073,configs/experiments/reaching_recovery/manifests/v1_final.json,24.472276193257255,0.0,12,1,0,0,0,0,0,,any,0,0,,,nan,0,0.05216841772198677,0.6000000000000001,1.5,0.0,0.0,0,0.0,nan,nan,nan,nan,nan,nan,nan,nan,nan,nan,nan,nan,nan,nan,nan,nan,0.3707267828285694,3.4197840690612793,53.0443229675293,0,0,0,0.0,0,nan
73,9074,configs/experiments/reaching_recovery/manifests/v1_final.json,23.968746280729967,0.0,10,1,0,0,0,0,0,,any,0,0,,,nan,0,0.04672424867749214,0.5,1.5,0.0,0.0,0,0.0,nan,nan,nan,nan,nan,nan,nan,nan,nan,nan,nan,nan,nan,nan,nan,nan,0.356727796792984,3.083707809448242,55.104896545410156,0,0,0,0.0,0,nan
74,9075,configs/experiments/reaching_recovery/manifests/v1_final.json,23.722752564365003,0.0,11,1,0,0,0,0,0,,any,0,0,,,nan,0,0.0432111993432045,0.55,1.5,0.0,0.0,0,0.0,nan,nan,nan,nan,nan,nan,nan,nan,nan,nan,nan,nan,nan,nan,nan,nan,0.20249153809113937,1.953734278678894,40.656246185302734,0,0,0,0.0,0,nan
75,9076,configs/experiments/reaching_recovery/manifests/v1_final.json,24.427911766911848,0.0,15,1,0,0,0,0,0,,any,0,0,,,nan,0,0.05367454141378403,0.75,1.5,0.0,0.0,0,0.0,nan,nan,nan,nan,nan,nan,nan,nan,nan,nan,nan,nan,nan,nan,nan,nan,0.20092232475678126,2.207828998565674,41.157012939453125,0,0,0,0.0,0,nan
76,9077,configs/experiments/reaching_recovery/manifests/v1_final.json,23.04070251329723,0.0,9,1,0,0,0,0,0,,any,0,0,,,nan,0,0.04607858136296272,0.45,1.5,0.0,0.0,0,0.0,nan,nan,nan,nan,nan,nan,nan,nan,nan,nan,nan,nan,nan,nan,nan,nan,0.256201133545902,2.6735024452209473,47.681373596191406,0,0,0,0.0,0,nan
77,9078,configs/experiments/reaching_recovery/manifests/v1_final.json,26.098616770878515,0.0,15,1,0,0,0,0,0,,any,0,0,,,nan,0,0.03607463836669922,0.75,1.5,0.0,0.0,0,0.0,nan,nan,nan,nan,nan,nan,nan,nan,nan,nan,nan,nan,nan,nan,nan,nan,0.2860811372598012,2.8362245559692383,47.26620864868164,0,0,0,0.0,0,nan
78,9079,configs/experiments/reaching_recovery/manifests/v1_final.json,23.74659440137338,0.0,8,1,0,0,0,0,0,,any,0,0,,,nan,0,0.05322873964905739,0.4,1.5,0.0,0.0,0,0.0,nan,nan,nan,nan,nan,nan,nan,nan,nan,nan,nan,nan,nan,nan,nan,nan,0.35702061653137207,3.2424471378326416,48.934085845947266,0,0,0,0.0,0,nan
79,9080,configs/experiments/reaching_recovery/manifests/v1_final.json,23.79695715804188,0.0,8,1,0,0,0,0,0,,any,0,0,,,nan,0,0.05170910060405731,0.4,1.5,0.0,0.0,0,0.0,nan,nan,nan,nan,nan,nan,nan,nan,nan,nan,nan,nan,nan,nan,nan,nan,0.3029867736622691,2.8864855766296387,49.1884765625,0,0,0,0.0,0,nan
80,9081,configs/experiments/reaching_recovery/manifests/v1_final.json,24.92707578144257,0.0,20,1,0,0,0,0,0,,any,0,0,,,nan,0,0.03490085154771805,1.0,1.5,0.0,0.0,0,0.0,nan,nan,nan,nan,nan,nan,nan,nan,nan,nan,nan,nan,nan,nan,nan,nan,0.2830350328236818,2.6199333667755127,41.63296127319336,0,0,0,0.0,0,nan
81,9082,configs/experiments/reaching_recovery/manifests/v1_final.json,21.79433122659372,0.0,9,1,0,0,0,0,0,,any,0,0,,,nan,0,0.05482829734683037,0.45,1.5,0.0,0.0,0,0.0,nan,nan,nan,nan,nan,nan,nan,nan,nan,nan,nan,nan,nan,nan,nan,nan,0.28899308956331676,2.665884494781494,55.336360931396484,0,0,0,0.0,0,nan
82,9083,configs/experiments/reaching_recovery/manifests/v1_final.json,24.945372361173934,0.0,11,1,0,0,0,0,0,,any,0,0,,,nan,0,0.04374438524246216,0.55,1.5,0.0,0.0,0,0.0,nan,nan,nan,nan,nan,nan,nan,nan,nan,nan,nan,nan,nan,nan,nan,nan,0.3633896166628057,3.200869560241699,51.005645751953125,0,0,0,0.0,0,nan
83,9084,configs/experiments/reaching_recovery/manifests/v1_final.json,24.8069625876372,0.0,20,1,0,0,0,0,0,,any,0,0,,,nan,0,0.04667779058218002,1.0,1.5,0.0,0.0,0,0.0,nan,nan,nan,nan,nan,nan,nan,nan,nan,nan,nan,nan,nan,nan,nan,nan,0.1975325059145689,2.132514238357544,34.37781524658203,0,0,0,0.0,0,nan
84,9085,configs/experiments/reaching_recovery/manifests/v1_final.json,22.012172549856125,0.0,5,1,0,0,0,0,0,,any,0,0,,,nan,0,0.04801851138472557,0.25,1.5,0.0,0.0,0,0.0,nan,nan,nan,nan,nan,nan,nan,nan,nan,nan,nan,nan,nan,nan,nan,nan,0.375712189078331,3.3505702018737793,64.2061996459961,0,0,0,0.0,0,nan
85,9086,configs/experiments/reaching_recovery/manifests/v1_final.json,23.13015229841968,0.0,8,1,0,0,0,0,0,,any,0,0,,,nan,0,0.05023087188601494,0.4,1.5,0.0,0.0,0,0.0,nan,nan,nan,nan,nan,nan,nan,nan,nan,nan,nan,nan,nan,nan,nan,nan,0.2934136912226677,2.9168567657470703,52.823936462402344,0,0,0,0.0,0,nan
86,9087,configs/experiments/reaching_recovery/manifests/v1_final.json,24.969765655074116,0.0,13,1,0,0,0,0,0,,any,0,0,,,nan,0,0.050081606954336166,0.65,1.5,0.0,0.0,0,0.0,nan,nan,nan,nan,nan,nan,nan,nan,nan,nan,nan,nan,nan,nan,nan,nan,0.30566942032713157,2.9240994453430176,39.912601470947266,0,0,0,0.0,0,nan
87,9088,configs/experiments/reaching_recovery/manifests/v1_final.json,25.538097625540257,0.0,16,1,0,0,0,0,0,,any,0,0,,,nan,0,0.04475432261824608,0.8,1.5,0.0,0.0,0,0.0,nan,nan,nan,nan,nan,nan,nan,nan,nan,nan,nan,nan,nan,nan,nan,nan,0.29018105659633875,2.728538990020752,41.903385162353516,0,0,0,0.0,0,nan
88,9089,configs/experiments/reaching_recovery/manifests/v1_final.json,23.315043956669044,0.0,22,1,0,0,0,0,0,,any,0,0,,,nan,0,0.05172286182641983,1.1,1.5,0.0,0.0,0,0.0,nan,nan,nan,nan,nan,nan,nan,nan,nan,nan,nan,nan,nan,nan,nan,nan,0.26979951425032184,2.4523534774780273,39.14292526245117,0,0,0,0.0,0,nan
89,9090,configs/experiments/reaching_recovery/manifests/v1_final.json,23.353980024067084,0.0,8,1,0,0,0,0,0,,any,0,0,,,nan,0,0.04766528308391571,0.4,1.5,0.0,0.0,0,0.0,nan,nan,nan,nan,nan,nan,nan,nan,nan,nan,nan,nan,nan,nan,nan,nan,0.3751209918409586,3.2604482173919678,51.33860778808594,0,0,0,0.0,0,nan
90,9091,configs/experiments/reaching_recovery/manifests/v1_final.json,22.423866652342255,0.0,7,1,0,0,0,0,0,,any,0,0,,,nan,0,0.05152277648448944,0.35000000000000003,1.5,0.0,0.0,0,0.0,nan,nan,nan,nan,nan,nan,nan,nan,nan,nan,nan,nan,nan,nan,nan,nan,0.3130848152296884,3.0543465614318848,55.52499771118164,0,0,0,0.0,0,nan
91,9092,configs/experiments/reaching_recovery/manifests/v1_final.json,22.869482937627353,0.0,7,1,0,0,0,0,0,,any,0,0,,,nan,0,0.05075541511178017,0.35000000000000003,1.5,0.0,0.0,0,0.0,nan,nan,nan,nan,nan,nan,nan,nan,nan,nan,nan,nan,nan,nan,nan,nan,0.38207317675862995,3.3977267742156982,55.79292678833008,0,0,0,0.0,0,nan
92,9093,configs/experiments/reaching_recovery/manifests/v1_final.json,25.131041928957966,0.0,20,1,0,0,0,0,0,,any,0,0,,,nan,0,0.04893166199326515,1.0,1.5,0.0,0.0,0,0.0,nan,nan,nan,nan,nan,nan,nan,nan,nan,nan,nan,nan,nan,nan,nan,nan,0.20625224858522415,2.1574089527130127,38.33383560180664,0,0,0,0.0,0,nan
93,9094,configs/experiments/reaching_recovery/manifests/v1_final.json,25.871984963047183,0.0,13,1,0,0,0,0,0,,any,0,0,,,nan,0,0.050133876502513885,0.65,1.5,0.0,0.0,0,0.0,nan,nan,nan,nan,nan,nan,nan,nan,nan,nan,nan,nan,nan,nan,nan,nan,0.32455647049041897,2.9366719722747803,45.15256881713867,0,0,0,0.0,0,nan
94,9095,configs/experiments/reaching_recovery/manifests/v1_final.json,-7.244298946531433,0.0,240,0,0,0,0,0,0,,any,0,0,,,nan,0,0.15549536049365997,12.0,1.5,0.0,0.0,0,0.0,nan,nan,nan,nan,nan,nan,nan,nan,nan,nan,nan,nan,nan,nan,nan,nan,0.10958375925353418,1.5182641744613647,37.187129974365234,0,0,0,0.0,0,nan
95,9096,configs/experiments/reaching_recovery/manifests/v1_final.json,25.56307416686895,0.0,16,1,0,0,0,0,0,,any,0,0,,,nan,0,0.052121538668870926,0.8,1.5,0.0,0.0,0,0.0,nan,nan,nan,nan,nan,nan,nan,nan,nan,nan,nan,nan,nan,nan,nan,nan,0.2781091374345124,2.610886812210083,41.91069030761719,0,0,0,0.0,0,nan
96,9097,configs/experiments/reaching_recovery/manifests/v1_final.json,25.271251274120424,0.0,14,1,0,0,0,0,0,,any,0,0,,,nan,0,0.029341502115130424,0.7000000000000001,1.5,0.0,0.0,0,0.0,nan,nan,nan,nan,nan,nan,nan,nan,nan,nan,nan,nan,nan,nan,nan,nan,0.31885435804724693,2.8834378719329834,47.23346710205078,0,0,0,0.0,0,nan
97,9098,configs/experiments/reaching_recovery/manifests/v1_final.json,-0.1933749598791453,0.0,240,0,0,0,0,0,0,,any,0,0,,,nan,0,0.10704734176397324,12.0,1.5,0.0,0.0,0,0.0,nan,nan,nan,nan,nan,nan,nan,nan,nan,nan,nan,nan,nan,nan,nan,nan,0.16289551662436377,1.4892387390136719,31.21314811706543,0,0,0,0.0,0,nan
98,9099,configs/experiments/reaching_recovery/manifests/v1_final.json,25.255579221857126,0.0,11,1,0,0,0,0,0,,any,0,0,,,nan,0,0.05008284002542496,0.55,1.5,0.0,0.0,0,0.0,nan,nan,nan,nan,nan,nan,nan,nan,nan,nan,nan,nan,nan,nan,nan,nan,0.3326978520913558,3.0646932125091553,54.77318572998047,0,0,0,0.0,0,nan
99,9100,configs/experiments/reaching_recovery/manifests/v1_final.json,24.41230741312442,0.0,10,1,0,0,0,0,0,,any,0,0,,,nan,0,0.04258515685796738,0.5,1.5,0.0,0.0,0,0.0,nan,nan,nan,nan,nan,nan,nan,nan,nan,nan,nan,nan,nan,nan,nan,nan,0.3408019557595253,3.21064829826355,44.31388854980469,0,0,0,0.0,0,nan
100,9101,configs/experiments/reaching_recovery/manifests/v1_final.json,20.95002600035925,0.0,3,1,0,0,0,0,0,,any,0,0,,,nan,0,0.04619740694761276,0.15000000000000002,1.5,0.0,0.0,0,0.0,nan,nan,nan,nan,nan,nan,nan,nan,nan,nan,nan,nan,nan,nan,nan,nan,0.3746416171391805,3.2107012271881104,66.96717834472656,0,0,0,0.0,0,nan
101,9102,configs/experiments/reaching_recovery/manifests/v1_final.json,24.429870127512068,0.0,26,1,0,0,0,0,0,,any,0,0,,,nan,0,0.04837771877646446,1.3,1.5,0.0,0.0,0,0.0,nan,nan,nan,nan,nan,nan,nan,nan,nan,nan,nan,nan,nan,nan,nan,nan,0.24876353832391593,2.4024925231933594,38.27191162109375,0,0,0,0.0,0,nan
102,9103,configs/experiments/reaching_recovery/manifests/v1_final.json,22.451082890371833,0.0,7,1,0,0,0,0,0,,any,0,0,,,nan,0,0.0379568450152874,0.35000000000000003,1.5,0.0,0.0,0,0.0,nan,nan,nan,nan,nan,nan,nan,nan,nan,nan,nan,nan,nan,nan,nan,nan,0.30093341001442503,2.8323075771331787,52.89851379394531,0,0,0,0.0,0,nan
103,9104,configs/experiments/reaching_recovery/manifests/v1_final.json,24.86179020680814,0.0,14,1,0,0,0,0,0,,any,0,0,,,nan,0,0.05243678018450737,0.7000000000000001,1.5,0.0,0.0,0,0.0,nan,nan,nan,nan,nan,nan,nan,nan,nan,nan,nan,nan,nan,nan,nan,nan,0.2814015660967146,2.666790246963501,45.313663482666016,0,0,0,0.0,0,nan
104,9105,configs/experiments/reaching_recovery/manifests/v1_final.json,23.565213515911495,0.0,12,1,0,0,0,0,0,,any,0,0,,,nan,0,0.039897479116916656,0.6000000000000001,1.5,0.0,0.0,0,0.0,nan,nan,nan,nan,nan,nan,nan,nan,nan,nan,nan,nan,nan,nan,nan,nan,0.2246828597659866,2.198093891143799,37.55218505859375,0,0,0,0.0,0,nan
105,9106,configs/experiments/reaching_recovery/manifests/v1_final.json,25.579971414651958,0.0,18,1,0,0,0,0,0,,any,0,0,,,nan,0,0.04616079479455948,0.9,1.5,0.0,0.0,0,0.0,nan,nan,nan,nan,nan,nan,nan,nan,nan,nan,nan,nan,nan,nan,nan,nan,0.2141444000105063,2.096813440322876,32.92196273803711,0,0,0,0.0,0,nan
106,9107,configs/experiments/reaching_recovery/manifests/v1_final.json,25.077046006392333,0.0,12,1,0,0,0,0,0,,any,0,0,,,nan,0,0.050448544323444366,0.6000000000000001,1.5,0.0,0.0,0,0.0,nan,nan,nan,nan,nan,nan,nan,nan,nan,nan,nan,nan,nan,nan,nan,nan,0.3909230592350165,3.310275077819824,54.216426849365234,0,0,0,0.0,0,nan
107,9108,configs/experiments/reaching_recovery/manifests/v1_final.json,24.12538787791924,0.0,21,1,0,0,0,0,0,,any,0,0,,,nan,0,0.03668595477938652,1.05,1.5,0.0,0.0,0,0.0,nan,nan,nan,nan,nan,nan,nan,nan,nan,nan,nan,nan,nan,nan,nan,nan,0.2662462851121312,2.505387306213379,38.96584701538086,0,0,0,0.0,0,nan
108,9109,configs/experiments/reaching_recovery/manifests/v1_final.json,23.852664632993562,0.0,12,1,0,0,0,0,0,,any,0,0,,,nan,0,0.04258441552519798,0.6000000000000001,1.5,0.0,0.0,0,0.0,nan,nan,nan,nan,nan,nan,nan,nan,nan,nan,nan,nan,nan,nan,nan,nan,0.25125144484142464,2.3335304260253906,46.11990737915039,0,0,0,0.0,0,nan
109,9110,configs/experiments/reaching_recovery/manifests/v1_final.json,25.61341850220469,0.0,18,1,0,0,0,0,0,,any,0,0,,,nan,0,0.02783970721065998,0.9,1.5,0.0,0.0,0,0.0,nan,nan,nan,nan,nan,nan,nan,nan,nan,nan,nan,nan,nan,nan,nan,nan,0.28714102423853344,2.639139175415039,40.46644973754883,0,0,0,0.0,0,nan
110,9111,configs/experiments/reaching_recovery/manifests/v1_final.json,26.269187338100927,0.0,23,1,0,0,0,0,0,,any,0,0,,,nan,0,0.045076508074998856,1.1500000000000001,1.5,0.0,0.0,0,0.0,nan,nan,nan,nan,nan,nan,nan,nan,nan,nan,nan,nan,nan,nan,nan,nan,0.30700965841179306,2.8569180965423584,42.7284049987793,0,0,0,0.0,0,nan
111,9112,configs/experiments/reaching_recovery/manifests/v1_final.json,23.937398548581548,0.0,20,1,0,0,0,0,0,,any,0,0,,,nan,0,0.05029577761888504,1.0,1.5,0.0,0.0,0,0.0,nan,nan,nan,nan,nan,nan,nan,nan,nan,nan,nan,nan,nan,nan,nan,nan,0.14631746094673873,1.8431581258773804,36.73991775512695,0,0,0,0.0,0,nan
112,9113,configs/experiments/reaching_recovery/manifests/v1_final.json,25.79894043990022,0.0,18,1,0,0,0,0,0,,any,0,0,,,nan,0,0.031314652413129807,0.9,1.5,0.0,0.0,0,0.0,nan,nan,nan,nan,nan,nan,nan,nan,nan,nan,nan,nan,nan,nan,nan,nan,0.27615992807679707,2.585151195526123,38.22451400756836,0,0,0,0.0,0,nan
113,9114,configs/experiments/reaching_recovery/manifests/v1_final.json,23.211974329327404,0.0,9,1,0,0,0,0,0,,any,0,0,,,nan,0,0.04521135613322258,0.45,1.5,0.0,0.0,0,0.0,nan,nan,nan,nan,nan,nan,nan,nan,nan,nan,nan,nan,nan,nan,nan,nan,0.278485839565595,2.6041758060455322,48.80195999145508,0,0,0,0.0,0,nan
114,9115,configs/experiments/reaching_recovery/manifests/v1_final.json,25.946784874088877,0.0,18,1,0,0,0,0,0,,any,0,0,,,nan,0,0.04081817716360092,0.9,1.5,0.0,0.0,0,0.0,nan,nan,nan,nan,nan,nan,nan,nan,nan,nan,nan,nan,nan,nan,nan,nan,0.3063000730342335,2.8254973888397217,41.920135498046875,0,0,0,0.0,0,nan
115,9116,configs/experiments/reaching_recovery/manifests/v1_final.json,23.830940003519128,0.0,12,1,0,0,0,0,0,,any,0,0,,,nan,0,0.05392136797308922,0.6000000000000001,1.5,0.0,0.0,0,0.0,nan,nan,nan,nan,nan,nan,nan,nan,nan,nan,nan,nan,nan,nan,nan,nan,0.31208409803609055,2.9116017818450928,52.68412399291992,0,0,0,0.0,0,nan
116,9117,configs/experiments/reaching_recovery/manifests/v1_final.json,25.481392145448222,0.0,13,1,0,0,0,0,0,,any,0,0,,,nan,0,0.048151977360248566,0.65,1.5,0.0,0.0,0,0.0,nan,nan,nan,nan,nan,nan,nan,nan,nan,nan,nan,nan,nan,nan,nan,nan,0.26933169393585277,2.6761362552642822,43.954254150390625,0,0,0,0.0,0,nan
117,9118,configs/experiments/reaching_recovery/manifests/v1_final.json,23.086909321499544,0.0,6,1,0,0,0,0,0,,any,0,0,,,nan,0,0.03966812044382095,0.30000000000000004,1.5,0.0,0.0,0,0.0,nan,nan,nan,nan,nan,nan,nan,nan,nan,nan,nan,nan,nan,nan,nan,nan,0.3865768959124883,3.3424549102783203,61.83112335205078,0,0,0,0.0,0,nan
118,9119,configs/experiments/reaching_recovery/manifests/v1_final.json,24.95683258808161,0.0,12,1,0,0,0,0,0,,any,0,0,,,nan,0,0.0381280779838562,0.6000000000000001,1.5,0.0,0.0,0,0.0,nan,nan,nan,nan,nan,nan,nan,nan,nan,nan,nan,nan,nan,nan,nan,nan,0.2745072493950526,2.4556355476379395,46.313194274902344,0,0,0,0.0,0,nan
119,9120,configs/experiments/reaching_recovery/manifests/v1_final.json,-0.741067375624742,0.0,240,0,0,0,0,0,0,,any,0,0,,,nan,0,0.09114154428243637,12.0,1.5,0.0,0.0,0,0.0,nan,nan,nan,nan,nan,nan,nan,nan,nan,nan,nan,nan,nan,nan,nan,nan,0.046842533144172194,0.7939031720161438,18.03591537475586,0,0,0,0.0,0,nan
120,9121,configs/experiments/reaching_recovery/manifests/v1_final.json,23.963357647498665,0.0,10,1,0,0,0,0,0,,any,0,0,,,nan,0,0.043794501572847366,0.5,1.5,0.0,0.0,0,0.0,nan,nan,nan,nan,nan,nan,nan,nan,nan,nan,nan,nan,nan,nan,nan,nan,0.22131211534142495,2.2642362117767334,40.09727096557617,0,0,0,0.0,0,nan
121,9122,configs/experiments/reaching_recovery/manifests/v1_final.json,26.21320313119237,0.0,15,1,0,0,0,0,0,,any,0,0,,,nan,0,0.047267068177461624,0.75,1.5,0.0,0.0,0,0.0,nan,nan,nan,nan,nan,nan,nan,nan,nan,nan,nan,nan,nan,nan,nan,nan,0.3547450383504232,3.0386438369750977,47.24571228027344,0,0,0,0.0,0,nan
122,9123,configs/experiments/reaching_recovery/manifests/v1_final.json,24.10001239414332,0.0,9,1,0,0,0,0,0,,any,0,0,,,nan,0,0.03642696887254715,0.45,1.5,0.0,0.0,0,0.0,nan,nan,nan,nan,nan,nan,nan,nan,nan,nan,nan,nan,nan,nan,nan,nan,0.3481788436571757,3.1738970279693604,47.45180892944336,0,0,0,0.0,0,nan
123,9124,configs/experiments/reaching_recovery/manifests/v1_final.json,22.905370635651963,0.0,6,1,0,0,0,0,0,,any,0,0,,,nan,0,0.053561899811029434,0.30000000000000004,1.5,0.0,0.0,0,0.0,nan,nan,nan,nan,nan,nan,nan,nan,nan,nan,nan,nan,nan,nan,nan,nan,0.3165460800131162,2.8680357933044434,49.03180694580078,0,0,0,0.0,0,nan
124,9125,configs/experiments/reaching_recovery/manifests/v1_final.json,22.63430288587231,0.0,8,1,0,0,0,0,0,,any,0,0,,,nan,0,0.052322160452604294,0.4,1.5,0.0,0.0,0,0.0,nan,nan,nan,nan,nan,nan,nan,nan,nan,nan,nan,nan,nan,nan,nan,nan,0.33648199029266834,3.2082488536834717,53.729427337646484,0,0,0,0.0,0,nan
125,9126,configs/experiments/reaching_recovery/manifests/v1_final.json,24.565733952437323,0.0,11,1,0,0,0,0,0,,any,0,0,,,nan,0,0.03907707333564758,0.55,1.5,0.0,0.0,0,0.0,nan,nan,nan,nan,nan,nan,nan,nan,nan,nan,nan,nan,nan,nan,nan,nan,0.3507587828419425,3.430811882019043,53.10224151611328,0,0,0,0.0,0,nan
126,9127,configs/experiments/reaching_recovery/manifests/v1_final.json,24.185793883639864,0.0,7,1,0,0,0,0,0,,any,0,0,,,nan,0,0.04689105972647667,0.35000000000000003,1.5,0.0,0.0,0,0.0,nan,nan,nan,nan,nan,nan,nan,nan,nan,nan,nan,nan,nan,nan,nan,nan,0.377613719020571,3.2542660236358643,55.55009841918945,0,0,0,0.0,0,nan
127,9128,configs/experiments/reaching_recovery/manifests/v1_final.json,21.12452804044733,0.0,4,1,0,0,0,0,0,,any,0,0,,,nan,0,0.040303826332092285,0.2,1.5,0.0,0.0,0,0.0,nan,nan,nan,nan,nan,nan,nan,nan,nan,nan,nan,nan,nan,nan,nan,nan,0.4829460084438324,3.9838123321533203,91.53070831298828,0,0,0,0.0,0,nan
128,9129,configs/experiments/reaching_recovery/manifests/v1_final.json,25.42119763460387,0.0,14,1,0,0,0,0,0,,any,0,0,,,nan,0,0.03776294365525246,0.7000000000000001,1.5,0.0,0.0,0,0.0,nan,nan,nan,nan,nan,nan,nan,nan,nan,nan,nan,nan,nan,nan,nan,nan,0.32559876995427267,2.849696636199951,42.96909713745117,0,0,0,0.0,0,nan
129,9130,configs/experiments/reaching_recovery/manifests/v1_final.json,22.224503816063415,0.0,8,1,0,0,0,0,0,,any,0,0,,,nan,0,0.05433373525738716,0.4,1.5,0.0,0.0,0,0.0,nan,nan,nan,nan,nan,nan,nan,nan,nan,nan,nan,nan,nan,nan,nan,nan,0.27047707326710224,2.720123291015625,56.39363479614258,0,0,0,0.0,0,nan
130,9131,configs/experiments/reaching_recovery/manifests/v1_final.json,24.363870494363553,0.0,13,1,0,0,0,0,0,,any,0,0,,,nan,0,0.042219534516334534,0.65,1.5,0.0,0.0,0,0.0,nan,nan,nan,nan,nan,nan,nan,nan,nan,nan,nan,nan,nan,nan,nan,nan,0.31309764431073117,2.7771987915039062,42.5743522644043,0,0,0,0.0,0,nan
131,9132,configs/experiments/reaching_recovery/manifests/v1_final.json,25.128807796638284,0.0,23,1,0,0,0,0,0,,any,0,0,,,nan,0,0.04936119168996811,1.1500000000000001,1.5,0.0,0.0,0,0.0,nan,nan,nan,nan,nan,nan,nan,nan,nan,nan,nan,nan,nan,nan,nan,nan,0.25353200344935706,2.411515712738037,40.55044937133789,0,0,0,0.0,0,nan
132,9133,configs/experiments/reaching_recovery/manifests/v1_final.json,23.054007579834902,0.0,7,1,0,0,0,0,0,,any,0,0,,,nan,0,0.051763586699962616,0.35000000000000003,1.5,0.0,0.0,0,0.0,nan,nan,nan,nan,nan,nan,nan,nan,nan,nan,nan,nan,nan,nan,nan,nan,0.3795866072177887,3.4025590419769287,59.19419479370117,0,0,0,0.0,0,nan
133,9134,configs/experiments/reaching_recovery/manifests/v1_final.json,25.472888947203597,0.0,14,1,0,0,0,0,0,,any,0,0,,,nan,0,0.0363408662378788,0.7000000000000001,1.5,0.0,0.0,0,0.0,nan,nan,nan,nan,nan,nan,nan,nan,nan,nan,nan,nan,nan,nan,nan,nan,0.24591288715600967,2.375624656677246,38.517478942871094,0,0,0,0.0,0,nan
134,9135,configs/experiments/reaching_recovery/manifests/v1_final.json,24.597820046888142,0.0,14,1,0,0,0,0,0,,any,0,0,,,nan,0,0.05038224905729294,0.7000000000000001,1.5,0.0,0.0,0,0.0,nan,nan,nan,nan,nan,nan,nan,nan,nan,nan,nan,nan,nan,nan,nan,nan,0.2535555990678923,2.432732343673706,39.289161682128906,0,0,0,0.0,0,nan
135,9136,configs/experiments/reaching_recovery/manifests/v1_final.json,24.30841796307849,0.0,19,1,0,0,0,0,0,,any,0,0,,,nan,0,0.04853207990527153,0.9500000000000001,1.5,0.0,0.0,0,0.0,nan,nan,nan,nan,nan,nan,nan,nan,nan,nan,nan,nan,nan,nan,nan,nan,0.2631878668540402,2.46024489402771,41.79789352416992,0,0,0,0.0,0,nan
136,9137,configs/experiments/reaching_recovery/manifests/v1_final.json,26.426523437071992,0.0,14,1,0,0,0,0,0,,any,0,0,,,nan,0,0.01954401470720768,0.7000000000000001,1.5,0.0,0.0,0,0.0,nan,nan,nan,nan,nan,nan,nan,nan,nan,nan,nan,nan,nan,nan,nan,nan,0.23468851989933423,2.183181047439575,37.1322021484375,0,0,0,0.0,0,nan
137,9138,configs/experiments/reaching_recovery/manifests/v1_final.json,24.237807400637873,0.0,23,1,0,0,0,0,0,,any,0,0,,,nan,0,0.05165546387434006,1.1500000000000001,1.5,0.0,0.0,0,0.0,nan,nan,nan,nan,nan,nan,nan,nan,nan,nan,nan,nan,nan,nan,nan,nan,0.1502217865022628,1.7737892866134644,32.89459991455078,0,0,0,0.0,0,nan
138,9139,configs/experiments/reaching_recovery/manifests/v1_final.json,22.14200460284369,0.0,6,1,0,0,0,0,0,,any,0,0,,,nan,0,0.03728095442056656,0.30000000000000004,1.5,0.0,0.0,0,0.0,nan,nan,nan,nan,nan,nan,nan,nan,nan,nan,nan,nan,nan,nan,nan,nan,0.3749670535326004,3.458864450454712,70.51350402832031,0,0,0,0.0,0,nan
139,9140,configs/experiments/reaching_recovery/manifests/v1_final.json,24.994495714800195,0.0,15,1,0,0,0,0,0,,any,0,0,,,nan,0,0.05270891264081001,0.75,1.5,0.0,0.0,0,0.0,nan,nan,nan,nan,nan,nan,nan,nan,nan,nan,nan,nan,nan,nan,nan,nan,0.26987768958012265,2.523404121398926,41.51970291137695,0,0,0,0.0,0,nan
140,9141,configs/experiments/reaching_recovery/manifests/v1_final.json,24.8444177396899,0.0,14,1,0,0,0,0,0,,any,0,0,,,nan,0,0.03623143583536148,0.7000000000000001,1.5,0.0,0.0,0,0.0,nan,nan,nan,nan,nan,nan,nan,nan,nan,nan,nan,nan,nan,nan,nan,nan,0.3329768681100437,2.901742458343506,44.07274627685547,0,0,0,0.0,0,nan
141,9142,configs/experiments/reaching_recovery/manifests/v1_final.json,-28.4546595769695,0.0,240,0,0,0,0,0,0,,any,0,0,,,nan,0,0.4014110863208771,12.0,1.5,0.0,0.0,0,0.0,nan,nan,nan,nan,nan,nan,nan,nan,nan,nan,nan,nan,nan,nan,nan,nan,0.08792873927547286,1.2029441595077515,25.951854705810547,0,0,0,0.0,0,nan
142,9143,configs/experiments/reaching_recovery/manifests/v1_final.json,24.031072347991287,0.0,10,1,0,0,0,0,0,,any,0,0,,,nan,0,0.03409990668296814,0.5,1.5,0.0,0.0,0,0.0,nan,nan,nan,nan,nan,nan,nan,nan,nan,nan,nan,nan,nan,nan,nan,nan,0.21328702755272388,2.149517059326172,37.557884216308594,0,0,0,0.0,0,nan
143,9144,configs/experiments/reaching_recovery/manifests/v1_final.json,22.450251885409962,0.0,26,1,0,0,0,0,0,,any,0,0,,,nan,0,0.04452308267354965,1.3,1.5,0.0,0.0,0,0.0,nan,nan,nan,nan,nan,nan,nan,nan,nan,nan,nan,nan,nan,nan,nan,nan,0.2651635643381339,2.445903778076172,41.8814582824707,0,0,0,0.0,0,nan
144,9145,configs/experiments/reaching_recovery/manifests/v1_final.json,25.224497107606986,0.0,16,1,0,0,0,0,0,,any,0,0,,,nan,0,0.0436386913061142,0.8,1.5,0.0,0.0,0,0.0,nan,nan,nan,nan,nan,nan,nan,nan,nan,nan,nan,nan,nan,nan,nan,nan,0.2426490942016244,2.330130100250244,40.3165283203125,0,0,0,0.0,0,nan
145,9146,configs/experiments/reaching_recovery/manifests/v1_final.json,25.443668495253245,0.0,12,1,0,0,0,0,0,,any,0,0,,,nan,0,0.045175254344940186,0.6000000000000001,1.5,0.0,0.0,0,0.0,nan,nan,nan,nan,nan,nan,nan,nan,nan,nan,nan,nan,nan,nan,nan,nan,0.35753913161655265,3.212337017059326,49.72950744628906,0,0,0,0.0,0,nan
146,9147,configs/experiments/reaching_recovery/manifests/v1_final.json,26.08164369680496,0.0,13,1,0,0,0,0,0,,any,0,0,,,nan,0,0.033833712339401245,0.65,1.5,0.0,0.0,0,0.0,nan,nan,nan,nan,nan,nan,nan,nan,nan,nan,nan,nan,nan,nan,nan,nan,0.2646541285973329,2.4130136966705322,39.97865676879883,0,0,0,0.0,0,nan
147,9148,configs/experiments/reaching_recovery/manifests/v1_final.json,24.485687371660273,0.0,17,1,0,0,0,0,0,,any,0,0,,,nan,0,0.05180240422487259,0.8500000000000001,1.5,0.0,0.0,0,0.0,nan,nan,nan,nan,nan,nan,nan,nan,nan,nan,nan,nan,nan,nan,nan,nan,0.3026994567583589,2.736391305923462,42.73782730102539,0,0,0,0.0,0,nan
148,9149,configs/experiments/reaching_recovery/manifests/v1_final.json,26.215480825787726,0.0,17,1,0,0,0,0,0,,any,0,0,,,nan,0,0.03228302672505379,0.8500000000000001,1.5,0.0,0.0,0,0.0,nan,nan,nan,nan,nan,nan,nan,nan,nan,nan,nan,nan,nan,nan,nan,nan,0.3323248190914883,3.086617946624756,50.14741516113281,0,0,0,0.0,0,nan
149,9150,configs/experiments/reaching_recovery/manifests/v1_final.json,24.045920030110857,0.0,11,1,0,0,0,0,0,,any,0,0,,,nan,0,0.04508357122540474,0.55,1.5,0.0,0.0,0,0.0,nan,nan,nan,nan,nan,nan,nan,nan,nan,nan,nan,nan,nan,nan,nan,nan,0.3067378516901623,2.904783010482788,51.226436614990234,0,0,0,0.0,0,nan
150,9151,configs/experiments/reaching_recovery/manifests/v1_final.json,25.03840917415948,0.0,12,1,0,0,0,0,0,,any,0,0,,,nan,0,0.03811727091670036,0.6000000000000001,1.5,0.0,0.0,0,0.0,nan,nan,nan,nan,nan,nan,nan,nan,nan,nan,nan,nan,nan,nan,nan,nan,0.2715131212025881,2.6305806636810303,43.275421142578125,0,0,0,0.0,0,nan
151,9152,configs/experiments/reaching_recovery/manifests/v1_final.json,22.86620685265935,0.0,10,1,0,0,0,0,0,,any,0,0,,,nan,0,0.044598937034606934,0.5,1.5,0.0,0.0,0,0.0,nan,nan,nan,nan,nan,nan,nan,nan,nan,nan,nan,nan,nan,nan,nan,nan,0.4251332372426987,3.6299643516540527,61.53482437133789,0,0,0,0.0,0,nan
152,9153,configs/experiments/reaching_recovery/manifests/v1_final.json,24.530385297523832,0.0,22,1,0,0,0,0,0,,any,0,0,,,nan,0,0.04249260574579239,1.1,1.5,0.0,0.0,0,0.0,nan,nan,nan,nan,nan,nan,nan,nan,nan,nan,nan,nan,nan,nan,nan,nan,0.22832799194888634,2.1678974628448486,36.474754333496094,0,0,0,0.0,0,nan
153,9154,configs/experiments/reaching_recovery/manifests/v1_final.json,23.023341496680224,0.0,8,1,0,0,0,0,0,,any,0,0,,,nan,0,0.03485500067472458,0.4,1.5,0.0,0.0,0,0.0,nan,nan,nan,nan,nan,nan,nan,nan,nan,nan,nan,nan,nan,nan,nan,nan,0.2580702053382993,2.6466526985168457,47.078670501708984,0,0,0,0.0,0,nan
154,9155,configs/experiments/reaching_recovery/manifests/v1_final.json,24.47377794033016,0.0,10,1,0,0,0,0,0,,any,0,0,,,nan,0,0.04613741859793663,0.5,1.5,0.0,0.0,0,0.0,nan,nan,nan,nan,nan,nan,nan,nan,nan,nan,nan,nan,nan,nan,nan,nan,0.35771634578704836,3.254101037979126,49.06473922729492,0,0,0,0.0,0,nan
155,9156,configs/experiments/reaching_recovery/manifests/v1_final.json,25.161013211210822,0.0,14,1,0,0,0,0,0,,any,0,0,,,nan,0,0.05028998851776123,0.7000000000000001,1.5,0.0,0.0,0,0.0,nan,nan,nan,nan,nan,nan,nan,nan,nan,nan,nan,nan,nan,nan,nan,nan,0.3355150946549007,2.9454152584075928,50.61631393432617,0,0,0,0.0,0,nan
156,9157,configs/experiments/reaching_recovery/manifests/v1_final.json,24.440078108408926,0.0,12,1,0,0,0,0,0,,any,0,0,,,nan,0,0.04122408479452133,0.6000000000000001,1.5,0.0,0.0,0,0.0,nan,nan,nan,nan,nan,nan,nan,nan,nan,nan,nan,nan,nan,nan,nan,nan,0.19726413923005262,2.116816282272339,39.65929412841797,0,0,0,0.0,0,nan
157,9158,configs/experiments/reaching_recovery/manifests/v1_final.json,21.85748063209341,0.0,7,1,0,0,0,0,0,,any,0,0,,,nan,0,0.04328151047229767,0.35000000000000003,1.5,0.0,0.0,0,0.0,nan,nan,nan,nan,nan,nan,nan,nan,nan,nan,nan,nan,nan,nan,nan,nan,0.3229461908340454,2.953308343887329,54.86213684082031,0,0,0,0.0,0,nan
158,9159,configs/experiments/reaching_recovery/manifests/v1_final.json,21.94768776385809,0.0,5,1,0,0,0,0,0,,any,0,0,,,nan,0,0.05058513209223747,0.25,1.5,0.0,0.0,0,0.0,nan,nan,nan,nan,nan,nan,nan,nan,nan,nan,nan,nan,nan,nan,nan,nan,0.3795547276735306,3.25030517578125,54.655418395996094,0,0,0,0.0,0,nan
159,9160,configs/experiments/reaching_recovery/manifests/v1_final.json,23.612058805270923,0.0,11,1,0,0,0,0,0,,any,0,0,,,nan,0,0.043769653886556625,0.55,1.5,0.0,0.0,0,0.0,nan,nan,nan,nan,nan,nan,nan,nan,nan,nan,nan,nan,nan,nan,nan,nan,0.18168571184981952,1.8622562885284424,41.0120735168457,0,0,0,0.0,0,nan
160,9161,configs/experiments/reaching_recovery/manifests/v1_final.json,23.900838985890807,0.0,24,1,0,0,0,0,0,,any,0,0,,,nan,0,0.05423280596733093,1.2000000000000002,1.5,0.0,0.0,0,0.0,nan,nan,nan,nan,nan,nan,nan,nan,nan,nan,nan,nan,nan,nan,nan,nan,0.14262061744617918,1.6470510959625244,31.829559326171875,0,0,0,0.0,0,nan
161,9162,configs/experiments/reaching_recovery/manifests/v1_final.json,25.405994134049234,0.0,16,1,0,0,0,0,0,,any,0,0,,,nan,0,0.041779663413763046,0.8,1.5,0.0,0.0,0,0.0,nan,nan,nan,nan,nan,nan,nan,nan,nan,nan,nan,nan,nan,nan,nan,nan,0.270134586840868,2.5084445476531982,41.417476654052734,0,0,0,0.0,0,nan
162,9163,configs/experiments/reaching_recovery/manifests/v1_final.json,23.82326408789901,0.0,11,1,0,0,0,0,0,,any,0,0,,,nan,0,0.04531966149806976,0.55,1.5,0.0,0.0,0,0.0,nan,nan,nan,nan,nan,nan,nan,nan,nan,nan,nan,nan,nan,nan,nan,nan,0.24795030870220877,2.569213628768921,44.440879821777344,0,0,0,0.0,0,nan
163,9164,configs/experiments/reaching_recovery/manifests/v1_final.json,23.659919500070377,0.0,11,1,0,0,0,0,0,,any,0,0,,,nan,0,0.050626546144485474,0.55,1.5,0.0,0.0,0,0.0,nan,nan,nan,nan,nan,nan,nan,nan,nan,nan,nan,nan,nan,nan,nan,nan,0.22569980133663525,2.476853609085083,43.413761138916016,0,0,0,0.0,0,nan
164,9165,configs/experiments/reaching_recovery/manifests/v1_final.json,24.67752613402335,0.0,19,1,0,0,0,0,0,,any,0,0,,,nan,0,0.045645587146282196,0.9500000000000001,1.5,0.0,0.0,0,0.0,nan,nan,nan,nan,nan,nan,nan,nan,nan,nan,nan,nan,nan,nan,nan,nan,0.18889542649451055,2.0379528999328613,35.40743637084961,0,0,0,0.0,0,nan
165,9166,configs/experiments/reaching_recovery/manifests/v1_final.json,24.477939548095893,0.0,9,1,0,0,0,0,0,,any,0,0,,,nan,0,0.04888492450118065,0.45,1.5,0.0,0.0,0,0.0,nan,nan,nan,nan,nan,nan,nan,nan,nan,nan,nan,nan,nan,nan,nan,nan,0.41201576093832654,3.5171077251434326,59.21623611450195,0,0,0,0.0,0,nan
166,9167,configs/experiments/reaching_recovery/manifests/v1_final.json,25.36781097948868,0.0,13,1,0,0,0,0,0,,any,0,0,,,nan,0,0.042548444122076035,0.65,1.5,0.0,0.0,0,0.0,nan,nan,nan,nan,nan,nan,nan,nan,nan,nan,nan,nan,nan,nan,nan,nan,0.3112234501884534,2.857612371444702,42.76023864746094,0,0,0,0.0,0,nan
167,9168,configs/experiments/reaching_recovery/manifests/v1_final.json,21.95854053006365,0.0,7,1,0,0,0,0,0,,any,0,0,,,nan,0,0.04219589754939079,0.35000000000000003,1.5,0.0,0.0,0,0.0,nan,nan,nan,nan,nan,nan,nan,nan,nan,nan,nan,nan,nan,nan,nan,nan,0.36614458688667845,3.2337679862976074,70.6445083618164,0,0,0,0.0,0,nan
168,9169,configs/experiments/reaching_recovery/manifests/v1_final.json,24.489622210462443,0.0,10,1,0,0,0,0,0,,any,0,0,,,nan,0,0.047525934875011444,0.5,1.5,0.0,0.0,0,0.0,nan,nan,nan,nan,nan,nan,nan,nan,nan,nan,nan,nan,nan,nan,nan,nan,0.35196961015462874,3.21608829498291,48.31727600097656,0,0,0,0.0,0,nan
169,9170,configs/experiments/reaching_recovery/manifests/v1_final.json,22.760321832149774,0.0,26,1,0,0,0,0,0,,any,0,0,,,nan,0,0.038965653628110886,1.3,1.5,0.0,0.0,0,0.0,nan,nan,nan,nan,nan,nan,nan,nan,nan,nan,nan,nan,nan,nan,nan,nan,0.176219627691003,2.016677141189575,36.28566360473633,0,0,0,0.0,0,nan
170,9171,configs/experiments/reaching_recovery/manifests/v1_final.json,25.497909481179043,0.0,16,1,0,0,0,0,0,,any,0,0,,,nan,0,0.03856588527560234,0.8,1.5,0.0,0.0,0,0.0,nan,nan,nan,nan,nan,nan,nan,nan,nan,nan,nan,nan,nan,nan,nan,nan,0.27529278106521815,2.6709413528442383,36.31027603149414,0,0,0,0.0,0,nan
171,9172,configs/experiments/reaching_recovery/manifests/v1_final.json,24.20443243023638,0.0,10,1,0,0,0,0,0,,any,0,0,,,nan,0,0.04622577875852585,0.5,1.5,0.0,0.0,0,0.0,nan,nan,nan,nan,nan,nan,nan,nan,nan,nan,nan,nan,nan,nan,nan,nan,0.26450327038764954,2.5879666805267334,49.336368560791016,0,0,0,0.0,0,nan
172,9173,configs/experiments/reaching_recovery/manifests/v1_final.json,21.715237698662506,0.0,6,1,0,0,0,0,0,,any,0,0,,,nan,0,0.051994793117046356,0.30000000000000004,1.5,0.0,0.0,0,0.0,nan,nan,nan,nan,nan,nan,nan,nan,nan,nan,nan,nan,nan,nan,nan,nan,0.2715533102552096,2.574312686920166,57.54414367675781,0,0,0,0.0,0,nan
173,9174,configs/experiments/reaching_recovery/manifests/v1_final.json,24.8474909148763,0.0,18,1,0,0,0,0,0,,any,0,0,,,nan,0,0.043265510350465775,0.9,1.5,0.0,0.0,0,0.0,nan,nan,nan,nan,nan,nan,nan,nan,nan,nan,nan,nan,nan,nan,nan,nan,0.26263911794457173,2.572234630584717,46.15681457519531,0,0,0,0.0,0,nan
174,9175,configs/experiments/reaching_recovery/manifests/v1_final.json,24.580900419377173,0.0,15,1,0,0,0,0,0,,any,0,0,,,nan,0,0.04314050078392029,0.75,1.5,0.0,0.0,0,0.0,nan,nan,nan,nan,nan,nan,nan,nan,nan,nan,nan,nan,nan,nan,nan,nan,0.21815333813428878,2.075251579284668,38.633949279785156,0,0,0,0.0,0,nan
175,9176,configs/experiments/reaching_recovery/manifests/v1_final.json,24.96248782307224,0.0,15,1,0,0,0,0,0,,any,0,0,,,nan,0,0.05313198268413544,0.75,1.5,0.0,0.0,0,0.0,nan,nan,nan,nan,nan,nan,nan,nan,nan,nan,nan,nan,nan,nan,nan,nan,0.2781277924776077,2.643311023712158,44.57246017456055,0,0,0,0.0,0,nan
176,9177,configs/experiments/reaching_recovery/manifests/v1_final.json,24.353283359254796,0.0,10,1,0,0,0,0,0,,any,0,0,,,nan,0,0.022262511774897575,0.5,1.5,0.0,0.0,0,0.0,nan,nan,nan,nan,nan,nan,nan,nan,nan,nan,nan,nan,nan,nan,nan,nan,0.3791963502764702,3.336961269378662,50.48809051513672,0,0,0,0.0,0,nan
177,9178,configs/experiments/reaching_recovery/manifests/v1_final.json,22.820924567580317,0.0,13,1,0,0,0,0,0,,any,0,0,,,nan,0,0.048702437430620193,0.65,1.5,0.0,0.0,0,0.0,nan,nan,nan,nan,nan,nan,nan,nan,nan,nan,nan,nan,nan,nan,nan,nan,0.28049069814957106,2.5640828609466553,64.4446029663086,0,0,0,0.0,0,nan
178,9179,configs/experiments/reaching_recovery/manifests/v1_final.json,24.80137901291963,0.0,20,1,0,0,0,0,0,,any,0,0,,,nan,0,0.05122833326458931,1.0,1.5,0.0,0.0,0,0.0,nan,nan,nan,nan,nan,nan,nan,nan,nan,nan,nan,nan,nan,nan,nan,nan,0.30349845439195633,2.71956729888916,42.04999542236328,0,0,0,0.0,0,nan
179,9180,configs/experiments/reaching_recovery/manifests/v1_final.json,25.449317190000293,0.0,12,1,0,0,0,0,0,,any,0,0,,,nan,0,0.04697560891509056,0.6000000000000001,1.5,0.0,0.0,0,0.0,nan,nan,nan,nan,nan,nan,nan,nan,nan,nan,nan,nan,nan,nan,nan,nan,0.26449598620335263,2.3092868328094482,35.4515380859375,0,0,0,0.0,0,nan
180,9181,configs/experiments/reaching_recovery/manifests/v1_final.json,24.59648447223033,0.0,9,1,0,0,0,0,0,,any,0,0,,,nan,0,0.04987785965204239,0.45,1.5,0.0,0.0,0,0.0,nan,nan,nan,nan,nan,nan,nan,nan,nan,nan,nan,nan,nan,nan,nan,nan,0.3624170588122474,3.4529166221618652,55.814537048339844,0,0,0,0.0,0,nan
181,9182,configs/experiments/reaching_recovery/manifests/v1_final.json,25.441457567214897,0.0,19,1,0,0,0,0,0,,any,0,0,,,nan,0,0.05048651620745659,0.9500000000000001,1.5,0.0,0.0,0,0.0,nan,nan,nan,nan,nan,nan,nan,nan,nan,nan,nan,nan,nan,nan,nan,nan,0.21924186223431638,2.26540470123291,37.189422607421875,0,0,0,0.0,0,nan
182,9183,configs/experiments/reaching_recovery/manifests/v1_final.json,23.950140777100255,0.0,23,1,0,0,0,0,0,,any,0,0,,,nan,0,0.05084199085831642,1.1500000000000001,1.5,0.0,0.0,0,0.0,nan,nan,nan,nan,nan,nan,nan,nan,nan,nan,nan,nan,nan,nan,nan,nan,0.1381010418838781,1.6805133819580078,30.58770751953125,0,0,0,0.0,0,nan
183,9184,configs/experiments/reaching_recovery/manifests/v1_final.json,22.64704390626913,0.0,6,1,0,0,0,0,0,,any,0,0,,,nan,0,0.04297126829624176,0.30000000000000004,1.5,0.0,0.0,0,0.0,nan,nan,nan,nan,nan,nan,nan,nan,nan,nan,nan,nan,nan,nan,nan,nan,0.3917965317765872,3.453683614730835,59.655677795410156,0,0,0,0.0,0,nan
184,9185,configs/experiments/reaching_recovery/manifests/v1_final.json,21.330598240834195,0.0,4,1,0,0,0,0,0,,any,0,0,,,nan,0,0.05168849602341652,0.2,1.5,0.0,0.0,0,0.0,nan,nan,nan,nan,nan,nan,nan,nan,nan,nan,nan,nan,nan,nan,nan,nan,0.3533182293176651,3.2003049850463867,62.06643295288086,0,0,0,0.0,0,nan
185,9186,configs/experiments/reaching_recovery/manifests/v1_final.json,22.41794976696537,0.0,5,1,0,0,0,0,0,,any,0,0,,,nan,0,0.04763243719935417,0.25,1.5,0.0,0.0,0,0.0,nan,nan,nan,nan,nan,nan,nan,nan,nan,nan,nan,nan,nan,nan,nan,nan,0.4230443209409714,3.714118003845215,74.21078491210938,0,0,0,0.0,0,nan
186,9187,configs/experiments/reaching_recovery/manifests/v1_final.json,24.82680270376457,0.0,16,1,0,0,0,0,0,,any,0,0,,,nan,0,0.051816388964653015,0.8,1.5,0.0,0.0,0,0.0,nan,nan,nan,nan,nan,nan,nan,nan,nan,nan,nan,nan,nan,nan,nan,nan,0.2952360240742564,2.616063117980957,37.10075759887695,0,0,0,0.0,0,nan
187,9188,configs/experiments/reaching_recovery/manifests/v1_final.json,23.80643340421421,0.0,9,1,0,0,0,0,0,,any,0,0,,,nan,0,0.05037203058600426,0.45,1.5,0.0,0.0,0,0.0,nan,nan,nan,nan,nan,nan,nan,nan,nan,nan,nan,nan,nan,nan,nan,nan,0.4019394533501731,3.604846954345703,58.0909309387207,0,0,0,0.0,0,nan
188,9189,configs/experiments/reaching_recovery/manifests/v1_final.json,25.258640491600005,0.0,14,1,0,0,0,0,0,,any,0,0,,,nan,0,0.047965213656425476,0.7000000000000001,1.5,0.0,0.0,0,0.0,nan,nan,nan,nan,nan,nan,nan,nan,nan,nan,nan,nan,nan,nan,nan,nan,0.261598138404744,2.5120208263397217,38.70253372192383,0,0,0,0.0,0,nan
189,9190,configs/experiments/reaching_recovery/manifests/v1_final.json,25.511026130826096,0.0,14,1,0,0,0,0,0,,any,0,0,,,nan,0,0.047212693840265274,0.7000000000000001,1.5,0.0,0.0,0,0.0,nan,nan,nan,nan,nan,nan,nan,nan,nan,nan,nan,nan,nan,nan,nan,nan,0.35504915033067974,3.0289466381073,47.182430267333984,0,0,0,0.0,0,nan
190,9191,configs/experiments/reaching_recovery/manifests/v1_final.json,24.66018016357463,0.0,10,1,0,0,0,0,0,,any,0,0,,,nan,0,0.04110138118267059,0.5,1.5,0.0,0.0,0,0.0,nan,nan,nan,nan,nan,nan,nan,nan,nan,nan,nan,nan,nan,nan,nan,nan,0.333927907794714,2.985929489135742,51.921424865722656,0,0,0,0.0,0,nan
191,9192,configs/experiments/reaching_recovery/manifests/v1_final.json,25.696516482632006,0.0,19,1,0,0,0,0,0,,any,0,0,,,nan,0,0.03175658732652664,0.9500000000000001,1.5,0.0,0.0,0,0.0,nan,nan,nan,nan,nan,nan,nan,nan,nan,nan,nan,nan,nan,nan,nan,nan,0.21150956577376315,2.1318318843841553,29.496726989746094,0,0,0,0.0,0,nan
192,9193,configs/experiments/reaching_recovery/manifests/v1_final.json,25.713182971873664,0.0,15,1,0,0,0,0,0,,any,0,0,,,nan,0,0.051764972507953644,0.75,1.5,0.0,0.0,0,0.0,nan,nan,nan,nan,nan,nan,nan,nan,nan,nan,nan,nan,nan,nan,nan,nan,0.2758822758992513,2.6239092350006104,39.85103225708008,0,0,0,0.0,0,nan
193,9194,configs/experiments/reaching_recovery/manifests/v1_final.json,24.309250908374764,0.0,14,1,0,0,0,0,0,,any,0,0,,,nan,0,0.044052623212337494,0.7000000000000001,1.5,0.0,0.0,0,0.0,nan,nan,nan,nan,nan,nan,nan,nan,nan,nan,nan,nan,nan,nan,nan,nan,0.21007618201630457,1.975793480873108,40.527618408203125,0,0,0,0.0,0,nan
194,9195,configs/experiments/reaching_recovery/manifests/v1_final.json,25.484553732377286,0.0,18,1,0,0,0,0,0,,any,0,0,,,nan,0,0.04709961637854576,0.9,1.5,0.0,0.0,0,0.0,nan,nan,nan,nan,nan,nan,nan,nan,nan,nan,nan,nan,nan,nan,nan,nan,0.24982576982842553,2.382087230682373,36.622432708740234,0,0,0,0.0,0,nan
195,9196,configs/experiments/reaching_recovery/manifests/v1_final.json,25.62860806562105,0.0,21,1,0,0,0,0,0,,any,0,0,,,nan,0,0.05280115082859993,1.05,1.5,0.0,0.0,0,0.0,nan,nan,nan,nan,nan,nan,nan,nan,nan,nan,nan,nan,nan,nan,nan,nan,0.3301681922305198,3.0993857383728027,52.745697021484375,0,0,0,0.0,0,nan
196,9197,configs/experiments/reaching_recovery/manifests/v1_final.json,20.705803185837592,0.0,2,1,0,0,0,0,0,,any,0,0,,,nan,0,0.031996309757232666,0.1,1.5,0.0,0.0,0,0.0,nan,nan,nan,nan,nan,nan,nan,nan,nan,nan,nan,nan,nan,nan,nan,nan,0.5138805657625198,4.361960411071777,91.30648040771484,0,0,0,0.0,0,nan
197,9198,configs/experiments/reaching_recovery/manifests/v1_final.json,23.42375360316652,0.0,9,1,0,0,0,0,0,,any,0,0,,,nan,0,0.045448679476976395,0.45,1.5,0.0,0.0,0,0.0,nan,nan,nan,nan,nan,nan,nan,nan,nan,nan,nan,nan,nan,nan,nan,nan,0.3782935010062324,3.3732147216796875,54.035186767578125,0,0,0,0.0,0,nan
198,9199,configs/experiments/reaching_recovery/manifests/v1_final.json,22.05712579391191,0.0,5,1,0,0,0,0,0,,any,0,0,,,nan,0,0.04737563803792,0.25,1.5,0.0,0.0,0,0.0,nan,nan,nan,nan,nan,nan,nan,nan,nan,nan,nan,nan,nan,nan,nan,nan,0.336177921295166,3.1013987064361572,59.420265197753906,0,0,0,0.0,0,nan
199,9200,configs/experiments/reaching_recovery/manifests/v1_final.json,24.294359697723934,0.0,14,1,0,0,0,0,0,,any,0,0,,,nan,0,0.053397711366415024,0.7000000000000001,1.5,0.0,0.0,0,0.0,nan,nan,nan,nan,nan,nan,nan,nan,nan,nan,nan,nan,nan,nan,nan,nan,0.21556195177670037,2.4260401725769043,39.89729690551758,0,0,0,0.0,0,nan
